%------------ grid5 label results
0.00443,1e-16,1,61,95,0
0.00443,1e-14,1,61,95,0
0.00443,1e-12,1,61,95,0
0.00443,1e-10,1,61,95,0
0.00443,1e-08,1,61,95,0
0.00443,1e-07,1,61,95,0
0.00443,1e-06,1,61,95,0
0.00443,1e-05,1,61,95,0
0.00443,0.0001,1,61,95,0
0.00443,0.001,1,59,96,0
0.00444,1e-16,1,94,61,0
0.00444,1e-14,1,61,94,0
0.00444,1e-12,1,61,94,0
0.00444,1e-10,1,61,94,0
0.00444,1e-08,1,61,94,0
0.00444,1e-07,1,61,94,0
0.00444,1e-06,1,61,94,0
0.00444,1e-05,1,61,94,0
0.00444,0.0001,1,61,95,0
0.00444,0.001,1,59,96,0
0.00445,1e-16,1,94,62,0
0.00445,1e-14,1,62,94,0
0.00445,1e-12,1,62,94,0
0.00445,1e-10,1,62,94,0
0.00445,1e-08,1,62,94,0
0.00445,1e-07,1,62,94,0
0.00445,1e-06,1,62,94,0
0.00445,1e-05,1,62,94,0
0.00445,0.0001,1,62,94,0
0.00445,0.001,1,60,95,0
0.00446,1e-16,1,93,63,0
0.00446,1e-14,1,63,93,0
0.00446,1e-12,1,63,93,0
0.00446,1e-10,1,63,93,0
0.00446,1e-08,1,63,93,0
0.00446,1e-07,1,63,93,0
0.00446,1e-06,1,63,93,0
0.00446,1e-05,1,63,93,0
0.00446,0.0001,1,62,93,0
0.00446,0.001,1,60,95,0
0.00447,1e-16,1,92,64,0
0.00447,1e-14,1,64,92,0
0.00447,1e-12,1,64,92,0
0.00447,1e-10,1,64,92,0
0.00447,1e-08,1,64,92,0
0.00447,1e-07,1,64,92,0
0.00447,1e-06,1,64,92,0
0.00447,1e-05,1,63,92,0
0.00447,0.0001,1,63,92,0
0.00447,0.001,1,61,94,0
0.00448,1e-16,1,91,64,0
0.00448,1e-14,1,64,91,0
0.00448,1e-12,1,64,91,0
0.00448,1e-10,1,64,91,0
0.00448,1e-08,1,64,91,0
0.00448,1e-07,1,64,91,0
0.00448,1e-06,1,64,91,0
0.00448,1e-05,1,64,91,0
0.00448,0.0001,1,64,91,0
0.00448,0.001,1,61,93,0
0.00449,1e-16,1,90,65,0
0.00449,1e-14,1,65,90,0
0.00449,1e-12,1,65,90,0
0.00449,1e-10,1,65,90,0
0.00449,1e-08,1,65,90,0
0.00449,1e-07,1,65,90,0
0.00449,1e-06,1,65,90,0
0.00449,1e-05,1,65,90,0
0.00449,0.0001,1,65,91,0
0.00449,0.001,1,62,93,0
0.0045,1e-16,1,89,66,0
0.0045,1e-14,1,66,89,0
0.0045,1e-12,1,66,89,0
0.0045,1e-10,1,66,89,0
0.0045,1e-08,1,66,89,0
0.0045,1e-07,1,66,89,0
0.0045,1e-06,1,66,89,0
0.0045,1e-05,1,66,89,0
0.0045,0.0001,1,66,90,0
0.0045,0.001,1,62,92,0
0.00451,1e-16,1,67,88,0
0.00451,1e-14,1,67,88,0
0.00451,1e-12,1,67,88,0
0.00451,1e-10,1,67,88,0
0.00451,1e-08,1,67,88,0
0.00451,1e-07,1,67,88,0
0.00451,1e-06,1,67,88,0
0.00451,1e-05,1,67,88,0
0.00451,0.0001,1,67,89,0
0.00451,0.001,1,63,91,0
0.00452,1e-16,1,69,87,0
0.00452,1e-14,1,69,87,0
0.00452,1e-12,1,69,87,0
0.00452,1e-10,1,69,87,0
0.00452,1e-08,1,69,87,0
0.00452,1e-07,1,69,87,0
0.00452,1e-06,1,69,87,0
0.00452,1e-05,1,69,87,0
0.00452,0.0001,1,68,88,0
0.00452,0.001,1,63,91,0
0.00453,1e-16,1,70,85,0
0.00453,1e-14,1,70,85,0
0.00453,1e-12,1,70,85,0
0.00453,1e-10,1,70,85,0
0.00453,1e-08,1,70,85,0
0.00453,1e-07,1,70,85,0
0.00453,1e-06,1,70,85,0
0.00453,1e-05,1,70,85,0
0.00453,0.0001,1,69,86,0
0.00453,0.001,1,64,90,0
0.00454,1e-16,1,73,83,0
0.00454,1e-14,1,72,83,0
0.00454,1e-12,1,72,84,0
0.00454,1e-10,1,72,83,0
0.00454,1e-08,1,72,83,0
0.00454,1e-07,1,72,83,0
0.00454,1e-06,1,72,83,0
0.00454,1e-05,1,72,84,0
0.00454,0.0001,1,70,85,0
0.00454,0.001,1,65,89,0
0.00455,1e-16,0,78,78,0
0.00455,1e-14,0,78,78,0
0.00455,1e-12,0,78,78,0
0.00455,1e-10,0,78,78,0
0.00455,1e-08,1,77,79,0
0.00455,1e-07,1,76,79,0
0.00455,1e-06,1,76,80,0
0.00455,1e-05,1,75,81,0
0.00455,0.0001,1,72,83,0
0.00455,0.001,1,65,89,0
0.00456,1e-16,0,78,78,0
0.00456,1e-14,0,78,78,0
0.00456,1e-12,0,78,78,0
0.00456,1e-10,0,78,78,0
0.00456,1e-08,0,78,78,0
0.00456,1e-07,0,78,78,0
0.00456,1e-06,0,78,78,0
0.00456,1e-05,0,77,78,0
0.00456,0.0001,1,73,82,0
0.00456,0.001,1,66,88,0
0.00457,1e-16,0,78,78,0
0.00457,1e-14,0,78,78,0
0.00457,1e-12,0,78,78,0
0.00457,1e-10,0,78,78,0
0.00457,1e-08,0,78,78,0
0.00457,1e-07,0,78,78,0
0.00457,1e-06,0,77,78,0
0.00457,1e-05,0,77,78,0
0.00457,0.0001,1,75,80,0
0.00457,0.001,1,66,87,0
0.00458,1e-16,0,77,77,0
0.00458,1e-14,0,77,77,0
0.00458,1e-12,0,77,77,0
0.00458,1e-10,0,77,77,0
0.00458,1e-08,0,77,77,0
0.00458,1e-07,0,77,77,0
0.00458,1e-06,0,77,77,0
0.00458,1e-05,0,77,78,0
0.00458,0.0001,1,75,79,0
0.00458,0.001,1,67,86,0
0.00459,1e-16,0,77,77,0
0.00459,1e-14,0,77,77,0
0.00459,1e-12,0,77,77,0
0.00459,1e-10,0,77,77,0
0.00459,1e-08,0,77,77,0
0.00459,1e-07,0,77,77,0
0.00459,1e-06,0,77,77,0
0.00459,1e-05,0,77,77,0
0.00459,0.0001,1,76,79,0
0.00459,0.001,1,68,86,0
0.0046,1e-16,0,77,77,0
0.0046,1e-14,0,77,77,0
0.0046,1e-12,0,77,77,0
0.0046,1e-10,0,77,77,0
0.0046,1e-08,0,77,77,0
0.0046,1e-07,0,77,77,0
0.0046,1e-06,0,77,77,0
0.0046,1e-05,0,77,77,0
0.0046,0.0001,1,76,78,0
0.0046,0.001,1,68,85,0
0.00461,1e-16,0,77,77,0
0.00461,1e-14,0,77,77,0
0.00461,1e-12,0,77,77,0
0.00461,1e-10,0,77,77,0
0.00461,1e-08,0,77,77,0
0.00461,1e-07,0,77,77,0
0.00461,1e-06,0,77,77,0
0.00461,1e-05,0,77,77,0
0.00461,0.0001,1,76,78,0
0.00461,0.001,1,69,84,0
0.00462,1e-16,0,77,77,0
0.00462,1e-14,0,77,77,0
0.00462,1e-12,0,77,77,0
0.00462,1e-10,0,77,77,0
0.00462,1e-08,0,77,77,0
0.00462,1e-07,0,77,77,0
0.00462,1e-06,0,77,77,0
0.00462,1e-05,0,77,77,0
0.00462,0.0001,1,76,78,0
0.00462,0.001,1,69,83,0
0.00463,1e-16,0,76,76,0
0.00463,1e-14,0,76,76,0
0.00463,1e-12,0,76,76,0
0.00463,1e-10,0,76,76,0
0.00463,1e-08,0,76,76,0
0.00463,1e-07,0,76,76,0
0.00463,1e-06,0,76,77,0
0.00463,1e-05,0,76,77,0
0.00463,0.0001,0,76,77,0
0.00463,0.001,1,70,83,0
0.00464,1e-16,0,76,76,0
0.00464,1e-14,0,76,76,0
0.00464,1e-12,0,76,76,0
0.00464,1e-10,0,76,76,0
0.00464,1e-08,0,76,76,0
0.00464,1e-07,0,76,76,0
0.00464,1e-06,0,76,76,0
0.00464,1e-05,0,76,76,0
0.00464,0.0001,0,76,77,0
0.00464,0.001,1,70,82,0
0.00465,1e-16,0,76,76,0
0.00465,1e-14,0,76,76,0
0.00465,1e-12,0,76,76,0
0.00465,1e-10,0,76,76,0
0.00465,1e-08,0,76,76,0
0.00465,1e-07,0,76,76,0
0.00465,1e-06,0,76,76,0
0.00465,1e-05,0,76,76,0
0.00465,0.0001,0,76,77,0
0.00465,0.001,1,70,82,0
0.00466,1e-16,0,76,76,0
0.00466,1e-14,0,76,76,0
0.00466,1e-12,0,76,76,0
0.00466,1e-10,0,76,76,0
0.00466,1e-08,0,76,76,0
0.00466,1e-07,0,76,76,0
0.00466,1e-06,0,76,76,0
0.00466,1e-05,0,76,76,0
0.00466,0.0001,1,75,77,0
0.00466,0.001,1,71,81,0
0.00467,1e-16,0,76,76,0
0.00467,1e-14,0,76,76,0
0.00467,1e-12,0,76,76,0
0.00467,1e-10,0,76,76,0
0.00467,1e-08,0,76,76,0
0.00467,1e-07,0,76,76,0
0.00467,1e-06,0,76,76,0
0.00467,1e-05,0,76,76,0
0.00467,0.0001,0,75,76,0
0.00467,0.001,1,71,81,0
0.00468,1e-16,0,76,76,0
0.00468,1e-14,0,76,76,0
0.00468,1e-12,0,76,76,0
0.00468,1e-10,0,76,76,0
0.00468,1e-08,0,76,76,0
0.00468,1e-07,0,76,76,0
0.00468,1e-06,0,76,76,0
0.00468,1e-05,0,76,76,0
0.00468,0.0001,0,75,76,0
0.00468,0.001,1,71,80,0
0.00469,1e-16,0,75,75,0
0.00469,1e-14,0,75,75,0
0.00469,1e-12,0,75,75,0
0.00469,1e-10,0,75,75,0
0.00469,1e-08,0,75,75,0
0.00469,1e-07,0,75,75,0
0.00469,1e-06,0,75,75,0
0.00469,1e-05,0,75,76,0
0.00469,0.0001,0,75,76,0
0.00469,0.001,1,71,80,0
0.0047,1e-16,0,75,75,0
0.0047,1e-14,0,75,75,0
0.0047,1e-12,0,75,75,0
0.0047,1e-10,0,75,75,0
0.0047,1e-08,0,75,75,0
0.0047,1e-07,0,75,75,0
0.0047,1e-06,0,75,75,0
0.0047,1e-05,0,75,75,0
0.0047,0.0001,0,75,76,0
0.0047,0.001,1,71,79,0
0.00471,1e-16,0,75,75,0
0.00471,1e-14,0,75,75,0
0.00471,1e-12,0,75,75,0
0.00471,1e-10,0,75,75,0
0.00471,1e-08,0,75,75,0
0.00471,1e-07,0,75,75,0
0.00471,1e-06,0,75,75,0
0.00471,1e-05,0,75,75,0
0.00471,0.0001,0,75,76,0
0.00471,0.001,1,71,79,0
0.00472,1e-16,0,75,75,0
0.00472,1e-14,0,75,75,0
0.00472,1e-12,0,75,75,0
0.00472,1e-10,0,75,75,0
0.00472,1e-08,0,75,75,0
0.00472,1e-07,0,75,75,0
0.00472,1e-06,0,75,75,0
0.00472,1e-05,0,75,75,0
0.00472,0.0001,0,75,75,0
0.00472,0.001,1,71,78,0
0.00473,1e-16,0,75,75,0
0.00473,1e-14,0,75,75,0
0.00473,1e-12,0,75,75,0
0.00473,1e-10,0,75,75,0
0.00473,1e-08,0,75,75,0
0.00473,1e-07,0,75,75,0
0.00473,1e-06,0,75,75,0
0.00473,1e-05,0,75,75,0
0.00473,0.0001,0,74,75,0
0.00473,0.001,1,71,78,0
0.00474,1e-16,0,75,75,0
0.00474,1e-14,0,75,75,0
0.00474,1e-12,0,75,75,0
0.00474,1e-10,0,75,75,0
0.00474,1e-08,0,75,75,0
0.00474,1e-07,0,75,75,0
0.00474,1e-06,0,75,75,0
0.00474,1e-05,0,75,75,0
0.00474,0.0001,0,74,75,0
0.00474,0.001,1,71,78,0
0.00475,1e-16,0,75,75,0
0.00475,1e-14,0,75,75,0
0.00475,1e-12,0,75,75,0
0.00475,1e-10,0,75,75,0
0.00475,1e-08,0,75,75,0
0.00475,1e-07,0,75,75,0
0.00475,1e-06,0,75,75,0
0.00475,1e-05,0,74,75,0
0.00475,0.0001,0,74,75,0
0.00475,0.001,1,71,78,0
0.00476,1e-16,0,74,74,0
0.00476,1e-14,0,74,74,0
0.00476,1e-12,0,74,74,0
0.00476,1e-10,0,74,74,0
0.00476,1e-08,0,74,74,0
0.00476,1e-07,0,74,74,0
0.00476,1e-06,0,74,74,0
0.00476,1e-05,0,74,74,0
0.00476,0.0001,0,74,75,0
0.00476,0.001,1,71,77,0
0.00477,1e-16,0,74,74,0
0.00477,1e-14,0,74,74,0
0.00477,1e-12,0,74,74,0
0.00477,1e-10,0,74,74,0
0.00477,1e-08,0,74,74,0
0.00477,1e-07,0,74,74,0
0.00477,1e-06,0,74,74,0
0.00477,1e-05,0,74,74,0
0.00477,0.0001,0,74,74,0
0.00477,0.001,1,71,77,0
0.0045,1e-05,1,66,89,0
0.0045,0.0005,1,64,91,0
0.0045,0.0001,1,66,90,0
0.0045,0.005,1,56,97,0
0.0045,0.001,1,62,92,0
0.0045,0.05,1,43,108,0
0.00455,1e-05,1,75,81,0
0.00455,0.0005,1,68,87,0
0.00455,0.0001,1,72,83,0
0.00455,0.005,1,57,94,0
0.00455,0.001,1,65,89,0
0.00455,0.05,1,43,107,0
0.0046,1e-05,0,77,77,0
0.0046,0.0005,1,71,82,0
0.0046,0.0001,1,76,78,0
0.0046,0.005,1,59,92,0
0.0046,0.001,1,68,85,0
0.0046,0.05,1,43,106,0
0.00465,1e-05,0,76,76,0
0.00465,0.0005,1,73,79,0
0.00465,0.0001,0,76,77,0
0.00465,0.005,1,60,90,0
0.00465,0.001,1,70,82,0
0.00465,0.05,1,43,104,0
0.0047,1e-05,0,75,75,0
0.0047,0.0005,1,73,77,0
0.0047,0.0001,0,75,76,0
0.0047,0.005,1,61,88,0
0.0047,0.001,1,71,79,0
0.0047,0.05,1,43,103,0
0.00475,1e-05,0,74,75,0
0.00475,0.0005,1,73,76,0
0.00475,0.0001,0,74,75,0
0.00475,0.005,1,62,85,0
0.00475,0.001,1,71,78,0
0.00475,0.05,1,43,102,0
0.0048,1e-05,0,74,74,0
0.0048,0.0005,1,72,75,0
0.0048,0.0001,0,73,74,0
0.0048,0.005,1,63,83,0
0.0048,0.001,1,71,76,0
0.0048,0.05,1,43,100,0
0.00485,1e-05,0,73,73,0
0.00485,0.0005,1,72,74,0
0.00485,0.0001,0,73,73,0
0.00485,0.005,1,64,81,0
0.00485,0.001,1,71,75,0
0.00485,0.05,1,44,99,0
0.0049,1e-05,0,72,72,0
0.0049,0.0005,1,71,73,0
0.0049,0.0001,0,72,72,0
0.0049,0.005,1,64,80,0
0.0049,0.001,1,70,74,0
0.0049,0.05,1,44,98,0
0.00495,1e-05,0,71,71,0
0.00495,0.0005,0,71,72,0
0.00495,0.0001,0,71,72,0
0.00495,0.005,1,64,78,0
0.00495,0.001,1,70,73,0
0.00495,0.05,1,44,96,0
0.005,1e-05,0,71,71,0
0.005,0.0005,0,70,71,0
0.005,0.0001,0,71,71,0
0.005,0.005,1,64,77,0
0.005,0.001,1,69,72,0
0.005,0.05,1,44,95,0
0.00505,1e-05,0,70,70,0
0.00505,0.0005,1,69,71,0
0.00505,0.0001,0,70,70,0
0.00505,0.005,1,64,75,0
0.00505,0.001,1,69,71,0
0.00505,0.05,1,44,94,0
0.0051,1e-05,0,69,69,0
0.0051,0.0005,0,69,70,0
0.0051,0.0001,0,69,69,0
0.0051,0.005,1,64,74,0
0.0051,0.001,1,68,70,0
0.0051,0.05,1,44,93,0
0.00515,1e-05,0,69,69,0
0.00515,0.0005,0,68,69,0
0.00515,0.0001,0,68,69,0
0.00515,0.005,1,64,73,0
0.00515,0.001,1,68,70,0
0.00515,0.05,1,44,91,0
0.0052,1e-05,0,68,68,0
0.0052,0.0005,0,67,68,0
0.0052,0.0001,0,68,68,0
0.0052,0.005,1,63,72,0
0.0052,0.001,1,67,69,0
0.0052,0.05,1,44,90,0
0.00525,1e-05,0,67,67,0
0.00525,0.0005,0,67,68,0
0.00525,0.0001,0,67,67,0
0.00525,0.005,1,63,71,0
0.00525,0.001,1,66,68,0
0.00525,0.05,1,45,89,0
0.0053,1e-05,0,67,67,0
0.0053,0.0005,0,66,67,0
0.0053,0.0001,0,66,67,0
0.0053,0.005,1,63,70,0
0.0053,0.001,0,66,67,0
0.0053,0.05,1,45,88,0
0.00535,1e-05,0,66,66,0
0.00535,0.0005,0,66,66,0
0.00535,0.0001,0,66,66,0
0.00535,0.005,1,62,69,0
0.00535,0.001,1,65,67,0
0.00535,0.05,1,45,87,0
0.0054,1e-05,0,65,65,0
0.0054,0.0005,0,65,66,0
0.0054,0.0001,0,65,65,0
0.0054,0.005,1,62,68,0
0.0054,0.001,0,65,66,0
0.0054,0.05,1,45,86,0
0.00545,1e-05,0,65,65,0
0.00545,0.0005,0,64,65,0
0.00545,0.0001,0,65,65,0
0.00545,0.005,1,62,68,0
0.00545,0.001,0,64,65,0
0.00545,0.05,1,45,84,0
0.0055,1e-05,0,64,64,0
0.0055,0.0005,0,64,64,0
0.0055,0.0001,0,64,64,0
0.0055,0.005,1,61,67,0
0.0055,0.001,1,63,65,0
0.0055,0.05,1,45,83,0
0.00555,1e-05,0,63,63,0
0.00555,0.0005,0,63,64,0
0.00555,0.0001,0,63,64,0
0.00555,0.005,1,61,66,0
0.00555,0.001,0,63,64,0
0.00555,0.05,1,45,82,0
0.0056,1e-05,0,63,63,0
0.0056,0.0005,0,63,63,0
0.0056,0.0001,0,63,63,0
0.0056,0.005,1,60,65,0
0.0056,0.001,0,62,63,0
0.0056,0.05,1,45,81,0
0.00565,1e-05,0,62,62,0
0.00565,0.0005,0,62,63,0
0.00565,0.0001,0,62,62,0
0.00565,0.005,1,60,65,0
0.00565,0.001,0,62,63,0
0.00565,0.05,1,45,80,0
0.0057,1e-05,0,62,62,0
0.0057,0.0005,0,62,62,0
0.0057,0.0001,0,62,62,0
0.0057,0.005,1,60,64,0
0.0057,0.001,0,61,62,0
0.0057,0.05,1,45,79,0
0.00575,1e-05,0,61,61,0
0.00575,0.0005,0,61,61,0
0.00575,0.0001,0,61,61,0
0.00575,0.005,1,59,63,0
0.00575,0.001,0,61,62,0
0.00575,0.05,1,45,78,0
0.0058,1e-05,0,61,61,0
0.0058,0.0005,0,60,61,0
0.0058,0.0001,0,61,61,0
0.0058,0.005,1,59,63,0
0.0058,0.001,0,60,61,0
0.0058,0.05,1,45,77,0
0.00585,1e-05,0,60,60,0
0.00585,0.0005,0,60,60,0
0.00585,0.0001,0,60,60,0
0.00585,0.005,1,58,62,0
0.00585,0.001,0,60,61,0
0.00585,0.05,1,45,76,0
0.0059,1e-05,0,60,60,0
0.0059,0.0005,0,59,60,0
0.0059,0.0001,0,60,60,0
0.0059,0.005,1,58,61,0
0.0059,0.001,0,59,60,0
0.0059,0.05,1,45,75,0
0.00595,1e-05,0,59,59,0
0.00595,0.0005,0,59,59,0
0.00595,0.0001,0,59,59,0
0.00595,0.005,1,57,61,0
0.00595,0.001,0,59,59,0
0.00595,0.05,1,45,74,0
0.006,1e-05,0,59,59,0
0.006,0.0005,0,58,59,0
0.006,0.0001,0,59,59,0
0.006,0.005,1,57,60,0
0.006,0.001,0,58,59,0
0.006,0.05,1,45,73,0
0.00605,1e-05,0,58,58,0
0.00605,0.0005,0,58,58,0
0.00605,0.0001,0,58,58,0
0.00605,0.005,1,56,60,0
0.00605,0.001,0,58,58,0
0.00605,0.05,1,45,72,0
0.0061,1e-05,0,58,58,0
0.0061,0.0005,0,57,58,0
0.0061,0.0001,0,58,58,0
0.0061,0.005,1,56,59,0
0.0061,0.001,0,57,58,0
0.0061,0.05,1,45,71,0
0.00615,1e-05,0,57,57,0
0.00615,0.0005,0,57,57,0
0.00615,0.0001,0,57,57,0
0.00615,0.005,1,56,59,0
0.00615,0.001,0,57,57,0
0.00615,0.05,1,45,70,0
0.0062,1e-05,0,57,57,0
0.0062,0.0005,0,56,57,0
0.0062,0.0001,0,57,57,0
0.0062,0.005,1,55,58,0
0.0062,0.001,0,56,57,0
0.0062,0.05,1,45,69,0
0.00625,1e-05,0,56,56,0
0.00625,0.0005,0,56,56,0
0.00625,0.0001,0,56,56,0
0.00625,0.005,1,55,57,0
0.00625,0.001,0,56,56,0
0.00625,0.05,1,45,69,0
0.0063,1e-05,0,56,56,0
0.0063,0.0005,0,56,56,0
0.0063,0.0001,0,56,56,0
0.0063,0.005,1,54,57,0
0.0063,0.001,0,55,56,0
0.0063,0.05,1,45,68,0
0.00635,1e-05,0,55,55,0
0.00635,0.0005,0,55,55,0
0.00635,0.0001,0,55,55,0
0.00635,0.005,1,54,56,0
0.00635,0.001,0,55,55,0
0.00635,0.05,1,45,67,0
0.0064,1e-05,0,55,55,0
0.0064,0.0005,0,55,55,0
0.0064,0.0001,0,55,55,0
0.0064,0.005,1,54,56,0
0.0064,0.001,0,55,55,0
0.0064,0.05,1,45,66,0
0.00645,1e-05,0,54,54,0
0.00645,0.0005,0,54,54,0
0.00645,0.0001,0,54,54,0
0.00645,0.005,1,53,56,0
0.00645,0.001,0,54,55,0
0.00645,0.05,1,45,65,0
0.0065,1e-05,0,54,54,0
0.0065,0.0005,0,54,54,0
0.0065,0.0001,0,54,54,0
0.0065,0.005,1,53,55,0
0.0065,0.001,0,54,54,0
0.0065,0.05,1,44,65,0