%------------ Rayleigh Benard grid32 full label results
% Ra, delta, label, KE(end), VTY(end), flag
1300,1e-16,0,1.81943e-09,1.15358e-08,1
1300,1e-12,0,7.56119e-14,4.78053e-13,1
1300,1e-08,0,6.26678e-10,4.03506e-09,0
1300,1e-05,0,6.26675e-07,4.03504e-06,0
1300,0.0001,0,6.26676e-06,4.03505e-05,0
1300,0.001,0,6.26669e-05,0.0004035,0
1300,0.01,0,0.000625795,0.0040295,0
1305,1e-16,0,1.4185e-11,8.99377e-11,1
1305,1e-12,0,6.27788e-14,3.97189e-13,1
1305,1e-08,0,6.42421e-10,4.13448e-09,0
1305,1e-05,0,6.42416e-07,4.13446e-06,0
1305,0.0001,0,6.42418e-06,4.13447e-05,0
1305,0.001,0,6.42409e-05,0.000413441,0
1305,0.01,0,0.000641436,0.00412828,0
1310,1e-16,0,1.87905e-15,1.19802e-14,1
1310,1e-12,0,4.29225e-14,2.79427e-13,1
1310,1e-08,0,6.58939e-10,4.23882e-09,0
1310,1e-05,0,6.58934e-07,4.23879e-06,0
1310,0.0001,0,6.58935e-06,4.2388e-05,0
1310,0.001,0,6.58926e-05,0.000423874,0
1310,0.01,0,0.000657841,0.00423191,0
1315,1e-16,0,5.32692e-16,3.43485e-15,1
1315,1e-12,0,6.70403e-14,4.31107e-13,1
1315,1e-08,0,6.76292e-10,4.34844e-09,0
1315,1e-05,0,6.76287e-07,4.34842e-06,0
1315,0.0001,0,6.76287e-06,4.34842e-05,0
1315,0.001,0,6.76278e-05,0.000434836,0
1315,0.01,0,0.000675065,0.00434072,0
1320,1e-16,0,8.28195e-17,1.11649e-15,0
1320,1e-12,0,7.0169e-14,4.50893e-13,0
1320,1e-08,0,6.94545e-10,4.46377e-09,0
1320,1e-05,0,6.94541e-07,4.46375e-06,0
1320,0.0001,0,6.94541e-06,4.46374e-05,0
1320,0.001,0,6.9453e-05,0.000446368,0
1320,0.01,0,0.00069317,0.00445511,0
1325,1e-16,0,1.16306e-15,7.38594e-15,0
1325,1e-12,0,7.07912e-14,4.54853e-13,0
1325,1e-08,0,7.1377e-10,4.58525e-09,0
1325,1e-05,0,7.13766e-07,4.58523e-06,0
1325,0.0001,0,7.13766e-06,4.58523e-05,0
1325,0.001,0,7.13753e-05,0.000458515,0
1325,0.01,0,0.000712225,0.00457551,0
1330,1e-16,0,1.90691e-15,1.75377e-14,0
1330,1e-12,0,1.23044e-13,7.85178e-13,0
1330,1e-08,0,7.34045e-10,4.71338e-09,0
1330,1e-05,0,7.3405e-07,4.71342e-06,0
1330,0.0001,0,7.34041e-06,4.71336e-05,0
1330,0.001,0,7.34027e-05,0.000471327,0
1330,0.01,0,0.000732304,0.00470241,0
1335,1e-16,0,3.79628e-15,2.42483e-14,0
1335,1e-12,0,7.48249e-14,4.80293e-13,0
1335,1e-08,0,7.55458e-10,4.84873e-09,0
1335,1e-05,0,7.55465e-07,4.84877e-06,0
1335,0.0001,0,7.55466e-06,4.84878e-05,0
1335,0.001,0,7.55442e-05,0.000484863,0
1335,0.01,0,0.000753492,0.00483633,0
1340,1e-16,0,7.88928e-16,5.05116e-15,0
1340,1e-12,0,8.00818e-14,5.13513e-13,0
1340,1e-08,0,7.78111e-10,4.99192e-09,0
1340,1e-05,0,7.78117e-07,4.99197e-06,0
1340,0.0001,0,7.78118e-06,4.99197e-05,0
1340,0.001,0,7.78091e-05,0.00049918,0
1340,0.01,0,0.000775881,0.00497786,0
1345,1e-16,0,1.06159e-15,6.80811e-15,0
1345,1e-12,0,7.86598e-14,5.04535e-13,0
1345,1e-08,0,8.02108e-10,5.14364e-09,0
1345,1e-05,0,8.02118e-07,5.1437e-06,0
1345,0.0001,0,8.02117e-06,5.1437e-05,0
1345,0.001,0,8.02078e-05,0.000514345,0
1345,0.01,0,0.000799573,0.00512765,0
1350,1e-16,0,6.10998e-16,3.90165e-15,0
1350,1e-12,0,8.23861e-14,5.28137e-13,0
1350,1e-08,0,8.27577e-10,5.30468e-09,0
1350,1e-05,0,8.2759e-07,5.30476e-06,0
1350,0.0001,0,8.27585e-06,5.30473e-05,0
1350,0.001,0,8.27552e-05,0.000530452,0
1350,0.01,0,0.000824683,0.00528642,0
1355,1e-16,0,1.6985e-15,1.09975e-14,0
1355,1e-12,0,8.37448e-14,5.36667e-13,0
1355,1e-08,0,8.54654e-10,5.47591e-09,0
1355,1e-05,0,8.54671e-07,5.47602e-06,0
1355,0.0001,0,8.54663e-06,5.47596e-05,0
1355,0.001,0,8.54624e-05,0.000547572,0
1355,0.01,0,0.000851339,0.00545499,0
1360,1e-16,0,3.74557e-16,2.52768e-15,0
1360,1e-12,0,8.53603e-14,5.46818e-13,0
1360,1e-08,0,8.83495e-10,5.65831e-09,0
1360,1e-05,0,8.83519e-07,5.65847e-06,0
1360,0.0001,0,8.83506e-06,5.65838e-05,0
1360,0.001,0,8.83461e-05,0.00056581,0
1360,0.01,0,0.000879685,0.00563426,0
1365,1e-16,0,1.86756e-15,1.18737e-14,0
1365,1e-12,0,9.05237e-14,5.79542e-13,0
1365,1e-08,0,9.14276e-10,5.85301e-09,0
1365,1e-05,0,9.1431e-07,5.85323e-06,0
1365,0.0001,0,9.14292e-06,5.85312e-05,0
1365,0.001,0,9.14239e-05,0.000585278,0
1365,0.01,0,0.00090988,0.00582527,0
1370,1e-16,0,9.11677e-16,5.80952e-15,0
1370,1e-12,0,9.47938e-14,6.06586e-13,0
1370,1e-08,0,9.47199e-10,6.06129e-09,0
1370,1e-05,0,9.47237e-07,6.06154e-06,0
1370,0.0001,0,9.47221e-06,6.06143e-05,0
1370,0.001,0,9.4716e-05,0.000606105,0
1370,0.01,0,0.000942108,0.00602914,0
1375,1e-16,0,2.36198e-15,1.49735e-14,0
1375,1e-12,0,9.86393e-14,6.3092e-13,0
1375,1e-08,0,9.82504e-10,6.28466e-09,0
1375,1e-05,0,9.82546e-07,6.28493e-06,0
1375,0.0001,0,9.82526e-06,6.28481e-05,0
1375,0.001,0,9.82455e-05,0.000628436,0
1375,0.01,0,0.000976572,0.0062472,0
1380,1e-16,0,1.73206e-15,1.24451e-14,0
1380,1e-12,0,1.0424e-13,6.66333e-13,0
1380,1e-08,0,1.02045e-09,6.52476e-09,0
1380,1e-05,0,1.02049e-06,6.52501e-06,0
1380,0.0001,0,1.02047e-05,6.52491e-05,0
1380,0.001,0,0.000102039,0.000652439,0
1380,0.01,0,0.0010135,0.0064809,0
1385,1e-16,0,8.41754e-16,7.02835e-15,0
1385,1e-12,0,1.06078e-13,6.77985e-13,0
1385,1e-08,0,1.06133e-09,6.78347e-09,0
1385,1e-05,0,1.06138e-06,6.78381e-06,0
1385,0.0001,0,1.06136e-05,6.78369e-05,0
1385,0.001,0,0.000106127,0.000678309,0
1385,0.01,0,0.00105317,0.00673193,0
1390,1e-16,0,2.40141e-16,2.10005e-15,0
1390,1e-12,0,1.12658e-13,7.19638e-13,0
1390,1e-08,0,1.10552e-09,7.06319e-09,0
1390,1e-05,0,1.10551e-06,7.06312e-06,0
1390,0.0001,0,1.10556e-05,7.06341e-05,0
1390,0.001,0,0.000110544,0.00070627,0
1390,0.01,0,0.00109587,0.00700218,0
1395,1e-16,0,1.35832e-15,8.62982e-15,0
1395,1e-12,0,1.15396e-13,7.3689e-13,0
1395,1e-08,0,1.15343e-09,7.36641e-09,0
1395,1e-05,0,1.15342e-06,7.36639e-06,0
1395,0.0001,0,1.15344e-05,7.3665e-05,0
1395,0.001,0,0.000115333,0.000736582,0
1395,0.01,0,0.00114194,0.00729384,0
1400,1e-16,0,8.17185e-15,5.18267e-14,0
1400,1e-12,0,1.14301e-13,7.30095e-13,0
1400,1e-08,0,1.20555e-09,7.69639e-09,0
1400,1e-05,0,1.20554e-06,7.69632e-06,0
1400,0.0001,0,1.20555e-05,7.69642e-05,0
1400,0.001,0,0.000120542,0.000769559,0
1400,0.01,0,0.00119179,0.00760939,0
1405,1e-16,0,7.22524e-15,4.58357e-14,0
1405,1e-12,0,1.4633e-13,9.328e-13,0
1405,1e-08,0,1.26241e-09,8.0564e-09,0
1405,1e-05,0,1.26243e-06,8.05652e-06,0
1405,0.0001,0,1.26248e-05,8.05682e-05,0
1405,0.001,0,0.000126229,0.000805563,0
1405,0.01,0,0.00124585,0.0079517,0
1410,1e-16,0,1.47927e-15,1.02408e-14,0
1410,1e-12,0,5.25095e-14,3.401e-13,0
1410,1e-08,0,1.32486e-09,8.45184e-09,0
1410,1e-05,0,1.3248e-06,8.45143e-06,0
1410,0.0001,0,1.32481e-05,8.45154e-05,0
1410,0.001,0,0.000132462,0.000845029,0
1410,0.01,0,0.00130466,0.00832406,0
1415,1e-16,0,3.36415e-14,2.13311e-13,0
1415,1e-12,0,6.17478e-13,3.91911e-12,0
1415,1e-08,0,1.39334e-09,8.88547e-09,0
1415,1e-05,0,1.39343e-06,8.88607e-06,0
1415,0.0001,0,1.39277e-05,8.88187e-05,0
1415,0.001,0,0.000139322,0.000888476,0
1415,0.01,0,0.0013688,0.00873026,0
1420,1e-16,0,1.86571e-13,1.18293e-12,0
1420,1e-12,0,6.84083e-13,4.33378e-12,0
1420,1e-08,0,1.46906e-09,9.36504e-09,0
1420,1e-05,0,1.46937e-06,9.36705e-06,0
1420,0.0001,0,1.46942e-05,9.36733e-05,0
1420,0.001,0,0.000146911,0.000936538,0
1420,0.01,0,0.00143896,0.00917465,0
1425,1e-16,0,5.68399e-13,3.60388e-12,0
1425,1e-12,0,2.46341e-12,1.56227e-11,0
1425,1e-08,0,1.55746e-09,9.92499e-09,0
1425,1e-05,0,1.55383e-06,9.90197e-06,0
1425,0.0001,0,1.55388e-05,9.90233e-05,0
1425,0.001,0,0.000155349,0.000989985,0
1425,0.01,0,0.00151594,0.00966227,0
1430,1e-16,0,2.92264e-12,1.85305e-11,0
1430,1e-12,0,4.61811e-12,2.92766e-11,0
1430,1e-08,0,1.63388e-09,1.04091e-08,0
1430,1e-05,0,1.64831e-06,1.05005e-05,0
1430,0.0001,0,1.64838e-05,0.000105009,0
1430,0.001,0,0.000164787,0.00104977,0
1430,0.01,0,0.00160065,0.0101989,0
1435,1e-16,0,4.55854e-10,2.89027e-09,1
1435,1e-12,0,7.72558e-12,4.89867e-11,0
1435,1e-08,0,1.79914e-09,1.1456e-08,0
1435,1e-05,0,1.75473e-06,1.11746e-05,0
1435,0.0001,0,1.75479e-05,0.00011175,0
1435,0.001,0,0.000175413,0.00111709,0
1435,0.01,0,0.00169411,0.010791,0
1440,1e-16,0,7.00211e-10,4.43957e-09,1
1440,1e-12,0,7.3604e-12,4.66636e-11,0
1440,1e-08,0,1.79457e-09,1.14272e-08,0
1440,1e-05,0,1.87542e-06,1.19393e-05,0
1440,0.0001,0,1.87552e-05,0.0001194,0
1440,0.001,0,0.000187466,0.00119345,0
1440,0.01,0,0.0017975,0.0114461,0
1445,1e-16,0,1.51832e-11,9.62665e-11,0
1445,1e-12,0,5.53534e-12,3.50921e-11,0
1445,1e-08,0,2.05614e-09,1.30844e-08,0
1445,1e-05,0,2.01377e-06,1.28159e-05,0
1445,0.0001,0,2.01382e-05,0.000128163,0
1445,0.001,0,0.000201251,0.0012808,0
1445,0.01,0,0.00191213,0.0121725,0
1450,1e-16,0,2.26337e-08,1.43505e-07,1
1450,1e-12,0,1.95744e-11,1.24112e-10,0
1450,1e-08,0,2.38206e-09,1.51497e-08,0
1450,1e-05,0,2.17343e-06,1.38277e-05,0
1450,0.0001,0,2.17331e-05,0.000138269,0
1450,0.001,0,0.00021717,0.00138167,0
1450,0.01,0,0.00203941,0.0129791,0
1455,1e-16,0,4.54711e-11,2.88302e-10,0
1455,1e-12,0,5.1605e-11,3.27197e-10,0
1455,1e-08,0,1.53302e-09,9.77108e-09,0
1455,1e-05,0,2.35241e-06,1.49619e-05,0
1455,0.0001,0,2.35962e-05,0.000150076,0
1455,0.001,0,0.000235752,0.00149943,0
1455,0.01,0,0.00218085,0.0138755,0
1460,1e-16,0,1.20649e-10,7.64958e-10,0
1460,1e-12,0,3.01282e-10,1.91023e-09,0
1460,1e-08,0,2.63675e-09,1.6764e-08,0
1460,1e-05,0,2.57679e-06,1.6384e-05,0
1460,0.0001,0,2.5804e-05,0.000164069,0
1460,0.001,0,0.000257732,0.00163873,0
1460,0.01,0,0.00233795,0.0148712,0
1465,1e-16,0,2.35896e-09,1.49566e-08,0
1465,1e-12,0,1.01265e-09,6.42052e-09,0
1465,1e-08,0,9.57236e-09,6.07328e-08,0
1465,1e-05,0,2.86429e-06,1.82062e-05,0
1465,0.0001,0,2.84798e-05,0.000181028,0
1465,0.001,0,0.000284126,0.00180602,0
1465,0.01,0,0.00251206,0.0159749,0
1470,1e-16,0,7.03829e-10,4.46251e-09,0
1470,1e-12,0,3.75009e-09,2.37768e-08,0
1470,1e-08,0,1.22597e-08,7.77709e-08,0
1470,1e-05,0,3.16721e-06,2.01263e-05,0
1470,0.0001,0,3.17705e-05,0.000201886,0
1470,0.001,0,0.000316378,0.00201045,0
1470,0.01,0,0.00270427,0.0171934,0
1475,1e-16,0,2.97107e-08,1.88376e-07,0
1475,1e-12,0,3.31854e-08,2.10407e-07,0
1475,1e-08,0,9.51828e-09,6.03901e-08,0
1475,1e-05,0,3.53033e-06,2.24281e-05,0
1475,0.0001,0,3.57877e-05,0.000227351,0
1475,0.001,0,0.000356655,0.00226577,0
1475,0.01,0,0.00291512,0.0185302,0
1480,1e-16,0,1.13111e-07,7.1716e-07,0
1480,1e-12,0,9.47138e-08,6.00518e-07,0
1480,1e-08,0,5.25317e-08,3.3303e-07,0
1480,1e-05,0,3.97053e-06,2.52186e-05,0
1480,0.0001,0,4.10444e-05,0.000260674,0
1480,0.001,0,0.000408254,0.00259286,0
1480,0.01,1,0.00314445,0.0199843,0
1485,1e-16,0,4.6492e-07,2.94775e-06,1
1485,1e-12,0,1.13188e-07,7.17648e-07,0
1485,1e-08,0,8.80197e-08,5.58036e-07,0
1485,1e-05,0,4.40185e-06,2.79529e-05,0
1485,0.0001,0,4.77335e-05,0.00030308,0
1485,0.001,0,0.000476753,0.00302711,0
1485,0.01,1,0.00339119,0.0215489,0
1490,1e-16,0,5.56873e-07,3.53076e-06,0
1490,1e-12,0,4.37557e-07,2.77426e-06,0
1490,1e-08,0,1.35477e-06,8.58973e-06,0
1490,1e-05,0,4.40641e-06,2.79819e-05,0
1490,0.0001,0,5.73163e-05,0.000363832,0
1490,0.001,0,0.000570844,0.00362363,0
1490,0.01,1,0.00365338,0.0232117,0
1495,1e-16,0,1.75469e-06,1.11253e-05,0
1495,1e-12,0,1.70129e-06,1.07868e-05,0
1495,1e-08,0,5.17628e-06,3.28194e-05,0
1495,1e-05,0,1.35917e-05,8.62166e-05,0
1495,0.0001,0,7.42385e-05,0.000471117,0
1495,0.001,0,0.000708403,0.00449575,0
1495,0.01,1,0.00392833,0.0249555,0
1500,1e-16,0,2.65449e-06,1.68303e-05,0
1500,1e-12,0,3.45968e-06,2.19355e-05,0
1500,1e-08,0,2.19796e-06,1.39358e-05,0
1500,1e-05,0,1.20031e-05,7.61446e-05,0
1500,0.0001,0,0.000101735,0.000645448,0
1500,0.001,0,0.000920364,0.00583963,0
1500,0.01,1,0.00421285,0.0267602,0
1505,1e-16,0,2.5298e-06,1.60398e-05,0
1505,1e-12,0,2.99595e-06,1.89953e-05,0
1505,1e-08,0,4.94556e-05,0.000313565,0
1505,1e-05,0,3.28855e-05,0.000208545,0
1505,0.0001,0,0.000150258,0.000953094,0
1505,0.001,0,0.00127064,0.00806051,0
1505,0.01,1,0.00450364,0.0286049,0
1510,1e-16,0,3.08258e-05,0.000195446,0
1510,1e-12,0,5.21549e-05,0.00033068,0
1510,1e-08,0,0.00025265,0.00160189,0
1510,1e-05,0,3.47784e-05,0.000220468,0
1510,0.0001,0,0.00024529,0.00155562,0
1510,0.001,0,0.00178194,0.0113026,0
1510,0.01,1,0.00479761,0.0304699,0
1515,1e-16,0,0.000360993,0.00228882,0
1515,1e-12,0,0.00089854,0.00569709,0
1515,1e-08,0,0.00071,0.00450166,0
1515,1e-05,0,0.000609162,0.00386235,0
1515,0.0001,0,0.00122383,0.00775999,0
1515,0.001,0,0.00239305,0.0151778,0
1515,0.01,1,0.00509208,0.0323383,0
1520,1e-16,0,0.00227145,0.0144026,0
1520,1e-12,0,0.00214584,0.0136061,0
1520,1e-08,0,0.00219015,0.013887,0
1520,1e-05,0,0.00217739,0.0138062,0
1520,0.0001,0,0.00231492,0.0146786,0
1520,0.001,1,0.00300236,0.0190419,0
1520,0.01,1,0.00538488,0.0341964,0
1525,1e-16,1,0.00301487,0.0191172,0
1525,1e-12,1,0.0030194,0.0191459,0
1525,1e-08,1,0.00302196,0.0191622,0
1525,1e-05,1,0.00302813,0.0192014,0
1525,0.0001,1,0.00308889,0.0195871,0
1525,0.001,1,0.00356404,0.0226045,0
1525,0.01,1,0.00567436,0.0360336,0
1530,1e-16,1,0.00366649,0.0232503,0
1530,1e-12,1,0.00366701,0.0232536,0
1530,1e-08,1,0.003667,0.0232535,0
1530,1e-05,1,0.00367171,0.0232834,0
1530,0.0001,1,0.00371353,0.023549,0
1530,0.001,1,0.00407312,0.0258337,0
1530,0.01,1,0.00595933,0.0378424,0
1535,1e-16,1,0.00421267,0.026715,0
1535,1e-12,1,0.00421267,0.0267151,0
1535,1e-08,1,0.00421267,0.0267151,0
1535,1e-05,1,0.00421628,0.026738,0
1535,0.0001,1,0.00424836,0.0269419,0
1535,0.001,1,0.00453705,0.0287771,0
1535,0.01,1,0.00623899,0.0396177,0
1540,1e-16,1,0.00469359,0.0297663,0
1540,1e-12,1,0.00469359,0.0297663,0
1540,1e-08,1,0.00469359,0.0297663,0
1540,1e-05,1,0.00469652,0.0297849,0
1540,0.0001,1,0.00472262,0.0299509,0
1540,0.001,1,0.00496379,0.0314849,0
1540,0.01,1,0.00651283,0.0413564,0
1545,1e-16,1,0.00512803,0.032523,0
1545,1e-12,1,0.00512803,0.032523,0
1545,1e-08,1,0.00512803,0.0325231,0
1545,1e-05,1,0.0051305,0.0325387,0
1545,0.0001,1,0.00515255,0.032679,0
1545,0.001,1,0.00535981,0.033998,0
1545,0.01,1,0.0067806,0.0430566,0
1550,1e-16,1,0.0055264,0.0350513,0
1550,1e-12,1,0.00552697,0.0350549,0
1550,1e-08,1,0.00552697,0.0350549,0
1550,1e-05,1,0.0055291,0.0350685,0
1550,0.0001,1,0.00554823,0.0351903,0
1550,0.001,1,0.00573014,0.0363485,0
1550,0.01,1,0.00704217,0.0447178,0
1555,1e-16,1,0.00589763,0.0374076,0
1555,1e-12,1,0.00589762,0.0374076,0
1555,1e-08,1,0.00589763,0.0374076,0
1555,1e-05,1,0.00589951,0.0374196,0
1555,0.0001,1,0.00591644,0.0375274,0
1555,0.001,1,0.00607871,0.0385612,0
1555,0.01,1,0.00729756,0.0463399,0
1560,1e-16,1,0.00624505,0.0396132,0
1560,1e-12,1,0.00624505,0.0396132,0
1560,1e-08,1,0.00624505,0.0396132,0
1560,1e-05,1,0.00624675,0.039624,0
1560,0.0001,1,0.00626194,0.0397208,0
1560,0.001,1,0.00640858,0.0406555,0
1560,0.01,1,0.00754687,0.0479237,0
1565,1e-16,1,0.00657295,0.0416951,0
1565,1e-12,1,0.00657295,0.0416951,0
1565,1e-08,1,0.00657295,0.0416951,0
1565,1e-05,1,0.00657449,0.0417049,0
1565,0.0001,1,0.00658829,0.0417929,0
1565,0.001,1,0.00672219,0.0426469,0
1565,0.01,1,0.00779025,0.0494699,0
1570,1e-16,1,0.0068841,0.0436711,0
1570,1e-12,1,0.0068841,0.043671,0
1570,1e-08,1,0.00688411,0.0436711,0
1570,1e-05,1,0.00688552,0.0436801,0
1570,0.0001,1,0.00689818,0.0437609,0
1570,0.001,1,0.00702152,0.0445478,0
1570,0.01,1,0.00802786,0.0509798,0
1575,1e-16,1,0.00718071,0.0455549,0
1575,1e-12,1,0.00718071,0.0455549,0
1575,1e-08,1,0.00718071,0.0455549,0
1575,1e-05,1,0.00718202,0.0455632,0
1575,0.0001,1,0.00719374,0.045638,0
1575,0.001,1,0.00730816,0.0463685,0
1575,0.01,1,0.00825993,0.0524546,0
1580,1e-16,1,0.00746452,0.0473577,0
1580,1e-12,1,0.00746452,0.0473577,0
1580,1e-08,1,0.00746452,0.0473577,0
1580,1e-05,1,0.00746573,0.0473654,0
1580,0.0001,1,0.00747664,0.0474351,0
1580,0.001,1,0.00758346,0.0481174,0
1580,0.01,1,0.00848664,0.0538956,0
1585,1e-16,1,0.00773693,0.0490884,0
1585,1e-12,1,0.00773693,0.0490884,0
1585,1e-08,1,0.00773693,0.0490884,0
1585,1e-05,1,0.00773807,0.0490956,0
1585,0.0001,1,0.00774829,0.0491609,0
1585,0.001,1,0.00784854,0.0498016,0
1585,0.01,1,0.00870824,0.0553043,0
1590,1e-16,1,0.00799913,0.0507544,0
1590,1e-12,1,0.00799913,0.0507544,0
1590,1e-08,1,0.00799913,0.0507544,0
1590,1e-05,1,0.0080002,0.0507613,0
1590,0.0001,1,0.00800982,0.0508227,0
1590,0.001,1,0.00810434,0.0514271,0
1590,0.01,1,0.00892491,0.0566819,0
1595,1e-16,1,0.0082521,0.052362,0
1595,1e-12,1,0.0082521,0.052362,0
1595,1e-08,1,0.0082521,0.052362,0
1595,1e-05,1,0.00825311,0.0523685,0
1595,0.0001,1,0.0082622,0.0524267,0
1595,0.001,1,0.00835168,0.052999,0
1595,0.01,1,0.00913688,0.0580297,0
1600,1e-16,1,0.00849666,0.0539165,0
1600,1e-12,1,0.00849666,0.0539165,0
1600,1e-08,1,0.00849666,0.0539165,0
1600,1e-05,1,0.00849762,0.0539226,0
1600,0.0001,1,0.00850624,0.0539778,0
1600,0.001,1,0.00859125,0.0545219,0
1600,0.01,1,0.00934433,0.0593491,0